decision:
  a: 1
decision_tree:
  Acc: 0.8012958333333333
  Auc: 0.7055217767832498
  F1Score: 0.1412184185409951
  Precision: 0.5235678995860595
  Recall: 0.08161608592481578
