XGBoost:
  Acc: 0.8008125
  Auc: 0.704721113371785
  F1Score: 0.17785956283213236
  Precision: 0.5117268678871846
  Recall: 0.10763498605386954
decision_tree:
  Acc: 0.8012958333333333
  Auc: 0.7055217767832498
  F1Score: 0.1412184185409951
  Precision: 0.5235678995860595
  Recall: 0.08161608592481578
random_forest:
  Acc: 0.8023416666666666
  Auc: 0.7180595074604872
  F1Score: 0.06014978008479612
  Precision: 0.6241776315789473
  Recall: 0.031597352316722865
